4 0.553125 0.6515625 0.89296875 0.43359375
0 0.13828125 0.25234375 0.1171875 0.0859375
0 0.4296875 0.090625 0.04140625 0.0421875
0 0.1390625 0.3984375 0.22265625 0.22421875
0 0.3640625 0.42421875 0.0546875 0.0609375
0 0.45859375 0.4453125 0.0578125 0.025
0 0.5140625 0.46875 0.02578125 0.02890625
0 0.5453125 0.4921875 0.02734375 0.025
0 0.5796875 0.52265625 0.02421875 0.02578125
0 0.6078125 0.54765625 0.01953125 0.01953125
0 0.66640625 0.59375 0.07734375 0.04609375
0 0.84140625 0.4703125 0.1265625 0.1625
0 0.85546875 0.7109375 0.203125 0.31640625
0 0.72421875 0.6578125 0.046875 0.05