0 0.74765625 0.7765625 0.2734375 0.4078125
0 0.50625 0.47890625 0.20781249999999996 0.24531250000000004
0 0.06406250000000002 0.5234375 0.12812500000000004 0.14687500000000003
0 0.17421874999999998 0.653125 0.12812500000000004 0.09687500000000004
0 0.27734375 0.64140625 0.051562499999999956 0.0546875
0 0.3859375000000001 0.6976562500000001 0.17812499999999998 0.09531250000000002
0 0.51640625 0.95625 0.0546875 0.08749999999999991
4 0.5031249999999999 0.5828125 0.95625 0.8343750000000001
4 0.7421875 0.1453125 0.44999999999999996 0.290625
0 0.10312500000000002 0.1515625 0.20625000000000004 0.22499999999999998
