0 0.67265625 0.8140625 0.26093749999999993 0.37187499999999996
0 0.51171875 0.48046875 0.20000000000000007 0.2406250000000001
0 0.06640625 0.41562499999999997 0.13124999999999998 0.14218750000000002
0 0.146875 0.56953125 0.125 0.09375
0 0.25 0.58359375 0.05000000000000002 0.05312499999999987
0 0.34140625 0.6640625 0.1765625 0.08906249999999993
0 0.40390625 0.9484375 0.05156250000000001 0.09218749999999998
4 0.47578124999999993 0.58828125 0.9328125 0.8234375
4 0.80390625 0.18515624999999997 0.3921874999999999 0.3421875
0 0.19296875000000002 0.08750000000000002 0.21093750000000003 0.17500000000000004
