4 0.34609375 0.459375 0.49531250000000004 0.91875
0 0.77265625 0.84375 0.09375 0.12343749999999998
0 0.91328125 0.54140625 0.04531249999999998 0.043749999999999956
0 0.6265624999999999 0.853125 0.24062499999999998 0.23750000000000004
0 0.58515625 0.63046875 0.06406250000000002 0.059374999999999956
0 0.5578125 0.5375 0.029687499999999978 0.059374999999999956
0 0.53046875 0.48359374999999993 0.029687499999999978 0.02656249999999999
0 0.5046875000000001 0.45390625 0.026562500000000044 0.029687499999999978
0 0.47187500000000004 0.421875 0.026562500000000044 0.02656249999999999
0 0.4453125 0.39609375 0.020312499999999956 0.02031250000000001
0 0.39453125 0.34062499999999996 0.051562499999999956 0.08124999999999999
0 0.5054687499999999 0.15703125 0.17031249999999998 0.1375
0 0.26484375 0.16015625 0.3296875 0.22499999999999998
0 0.32656250000000003 0.2875 0.05312499999999998 0.04999999999999999
