4 0.65390625 0.459375 0.4953125 0.91875
0 0.22734375 0.84375 0.09375 0.1234375
0 0.08671875 0.54140625 0.0453125 0.04375
0 0.3734375 0.853125 0.240625 0.2375
0 0.41484375 0.63046875 0.0640625 0.059375
0 0.4421875 0.5375 0.0296875 0.059375
0 0.46953125 0.48359375 0.0296875 0.0265625
0 0.4953125 0.45390625 0.0265625 0.0296875
0 0.528125 0.421875 0.0265625 0.0265625
0 0.5546875 0.39609375 0.0203125 0.0203125
0 0.60546875 0.340625 0.0515625 0.08125
0 0.49453125 0.15703125 0.1703125 0.1375
0 0.73515625 0.16015625 0.3296875 0.225
0 0.6734375 0.2875 0.053125 0.05