4 0.446875 0.34843749999999996 0.8929687499999999 0.43359375
0 0.86171875 0.74765625 0.1171875 0.0859375
0 0.5703125 0.909375 0.04140625000000009 0.04218749999999993
0 0.8609375 0.6015625 0.22265625 0.2242187499999999
0 0.6359375 0.57578125 0.0546875 0.06093749999999987
0 0.54140625 0.5546875 0.057812500000000044 0.02499999999999991
0 0.4859375000000001 0.53125 0.025781249999999978 0.02890624999999991
0 0.4546875 0.5078125 0.02734375 0.02499999999999991
0 0.4203125 0.47734375 0.024218749999999956 0.025781249999999978
0 0.3921875 0.45234375000000004 0.01953125 0.01953125
0 0.33359375 0.40625 0.07734375000000004 0.046093750000000044
0 0.15859374999999992 0.5296874999999999 0.12656250000000002 0.16249999999999998
0 0.14453125 0.2890625 0.203125 0.31640625
0 0.27578125 0.3421875 0.046875 0.050000000000000044
