4 0.3578125 0.55078125 0.56875 0.8984375
0 0.68828125 0.10390625 0.103125 0.1296875
0 0.89296875 0.36640625 0.0484375 0.046875
0 0.54375 0.12734375 0.25625 0.2546875
0 0.55390625 0.35390625 0.06875 0.0640625
0 0.54765625 0.45078125 0.034375 0.0609375
0 0.5328125 0.509375 0.03125 0.0296875
0 0.51484375 0.54375 0.0296875 0.03125
0 0.48984375 0.58203125 0.028125 0.028125
0 0.46953125 0.6140625 0.021875 0.021875
0 0.43359375 0.67890625 0.0578125 0.084375
0 0.5828125 0.8328125 0.1796875 0.15
0 0.346875 0.8796875 0.34375 0.240625
0 0.37890625 0.74609375 0.05625 0.0546875